1.09649040719818
1.09053692390636
1.08810824943571
1.08659549433683
1.08258628794021
1.08082027222762
1.07636241587721
1.07506593237718
1.07313470570016
1.07112363428739
1.07021470866138
1.0675471578266
1.06511964710181
1.06328228250759
1.06100919666599
1.0587452831725
1.05718286378694
1.054608131378
1.05251046956555
1.051229777879
1.04959112492213
1.04864074214189
1.04447863354085
1.04388311920415
1.04244320940099
1.04094681614434
1.03898788868829
1.03792939434849
1.03580466974311
1.03488821069478
1.03266052840796
1.03066026319717
1.02961221351517
1.0290349393072
1.02533805034208
1.02451661712254
1.02155840062394
1.01947305389712
1.01701846243647
1.01636530805353
1.01512871471624
1.01341084595242
1.01184745682043
1.01095711024866
1.00990153023139
1.00749957854284
1.00553851865436
1.00417426394675
1.00303767907788
0.999726224323854
0.998937549274004
0.996434899337741
0.995481158484115
0.994394623972957
0.993138824615527
0.991622746769686
0.9904739875784
0.988832191809649
0.985614420793099
0.984911476115182
0.983693625912991
0.982521472159999
0.980941158172651
0.978511357408052
0.977825542368636
0.975905630095186
0.974969736761693
0.971227783711996
0.969999159129272
0.969908084733883
0.969037367348834
0.967348616583327
0.96715755580004
0.965529147772763
0.962481064771481
0.961446200279331
0.957664480751661
0.956412346154791
0.955134678939816
0.9515252338006
0.950340527931172
0.949265028059657
0.948602930424813
0.947399129239615
0.944624159919878
0.942609091311168
0.941035625182464
0.939095243754829
0.935293826676784
0.932953591181099
0.931636186665385
0.930297780734107
0.927047564703333
0.925460473723337
0.92221245764646
0.919655016498093
0.915806107902044
0.912991602736249
0.912374129571101
0.608760954421814
