-1.34956605949302
0.731842243818206
-0.288425759224564
-0.0972444854670386
1.79012900034902
0.712036820622941
0.176360446517998
-1.55245482124988
0.169333648359298
-1.03107528207591
-0.84626696568897
-0.475216420857066
1.4205836151504
-1.26341273625534
-0.651045764382727
0.285744994700033
0.995948331365339
-0.340207271005639
1.60694044639365
-0.282352567654163
0.475196194035987
-0.598095909453039
-0.599392550969177
-1.80218913486463
-0.111604062760209
-0.90539021476828
0.910532631135673
0.963570953379265
0.586412532774297
-0.144711536261479
0.666593898353666
0.102419792998986
-0.194456135855715
-0.0685237107382107
-0.809331134484467
-0.204808235342105
-0.423284714436615
-0.537491329598029
0.0258011816940205
-0.20476651723731
1.48271486406325
0.782891451780539
-1.50952445394351
0.487717043921884
1.58971520319074
1.7756219161908
-0.345080545939717
0.679424926959856
1.19572189055373
-0.686058596213909
-0.346083718915404
1.04100686970485
0.0830888809496379
1.12112432190257
-0.00188058533255991
1.60234748654752
-0.109413870380535
1.92805970955767
-0.00369690997625091
1.08215113136326
0.500053506586835
0.822723023509592
-0.90308193724837
1.83088760616642
-0.333186401994849
0.921752654843612
0.00211757244136279
0.509925338794234
1.23844042492357
0.49603875332111
-0.199374819203155
0.555020096491938
-0.673239030521782
-0.181970587163311
0.779836894596447
-0.0411415912810241
-0.191083515834781
0.500710507253623
-2.77022603964582
0.312881348502218
1.10735238693062
0.742307967708008
-0.697707071835754
3.17284727183592
0.792244147775442
-2.55960652931537
-0.857058003554292
-0.455395517214079
0.0192283865849437
1.064389889952
0.242723039071368
0.116724782117635
0.0543385027291795
1.59620131563455
-0.910911988680845
0.0398971668009302
0.521682837006546
-0.639634845642711
-0.650335235503901
0.540217582837881
